
     RDKit          3D

 35 36  0  0  0  0  0  0  0  0999 V2000
    6.7540   20.8300   27.5330 C   0  0  0  0  0  0  0  0  0  0  0  0
    3.4700   18.0600   30.0340 C   0  0  0  0  0  0  0  0  0  0  0  0
    7.0140   20.4060   28.9320 C   0  0  0  0  0  0  0  0  0  0  0  0
    3.0840   17.1850   31.1010 C   0  0  0  0  0  0  0  0  0  0  0  0
    6.2920   19.3900   29.4820 C   0  0  0  0  0  0  0  0  0  0  0  0
    1.9570   17.4760   31.8880 C   0  0  0  0  0  0  0  0  0  0  0  0
    5.2900   18.7570   28.7180 C   0  0  0  0  0  0  0  0  0  0  0  0
    1.2190   18.5980   31.6290 C   0  0  0  0  0  0  0  0  0  0  0  0
    5.0450   19.1580   27.3620 C   0  0  0  0  0  0  0  0  0  0  0  0
    1.6140   19.4970   30.5220 C   0  0  0  0  0  0  0  0  0  0  0  0
    5.7930   20.2090   26.7870 C   0  0  0  0  0  0  0  0  0  0  0  0
    2.7070   19.2150   29.7580 C   0  0  0  0  0  0  0  0  0  0  0  0
    7.5750   21.9560   26.9160 C   0  0  0  0  0  0  0  0  0  0  0  0
    8.2510   21.6500   25.5790 C   0  0  1  0  0  0  0  0  0  0  0  0
    9.2900   22.6910   25.2040 C   0  0  0  0  0  0  0  0  0  0  0  0
    6.6770   18.7820   31.4690 I   0  0  0  0  0  0  0  0  0  0  0  0
    1.4590   16.1470   33.4570 I   0  0  0  0  0  0  0  0  0  0  0  0
    3.5680   18.1570   26.2350 I   0  0  0  0  0  0  0  0  0  0  0  0
    8.7460   20.2940   25.4590 N   0  0  0  0  0  0  0  0  0  0  0  0
    0.0790   18.8970   32.3880 O   0  0  0  0  0  0  0  0  0  0  0  0
    4.5660   17.6890   29.2450 O   0  0  0  0  0  0  0  0  0  0  0  0
   10.2350   22.3770   24.5640 O   0  0  0  0  0  0  0  0  0  0  0  0
    9.0920   24.0140   25.6110 O   0  0  0  0  0  0  0  0  0  0  0  0
    7.7900   20.9125   29.5247 H   0  0  0  0  0  0  0  0  0  0  0  0
    3.6740   16.2794   31.3054 H   0  0  0  0  0  0  0  0  0  0  0  0
    1.0210   20.3998   30.3141 H   0  0  0  0  0  0  0  0  0  0  0  0
    5.6038   20.5239   25.7502 H   0  0  0  0  0  0  0  0  0  0  0  0
    2.9925   19.8830   28.9320 H   0  0  0  0  0  0  0  0  0  0  0  0
    6.9043   22.8144   26.7633 H   0  0  0  0  0  0  0  0  0  0  0  0
    8.3967   22.1405   27.6237 H   0  0  0  0  0  0  0  0  0  0  0  0
    7.4479   21.7190   24.8305 H   0  0  0  0  0  0  0  0  0  0  0  0
    8.8909   19.8970   26.3983 H   0  0  0  0  0  0  0  0  0  0  0  0
    8.0595   19.7220   24.9467 H   0  0  0  0  0  0  0  0  0  0  0  0
   -0.4471   19.7122   32.1909 H   0  0  0  0  0  0  0  0  0  0  0  0
    9.7574   24.7087   25.3770 H   0  0  0  0  0  0  0  0  0  0  0  0
  1  3  1  0
  1 11  2  0
  1 13  1  0
  2  4  2  0
  2 12  1  0
  2 21  1  0
  3  5  2  0
  4  6  1  0
  5  7  1  0
  5 16  1  0
  6  8  2  0
  6 17  1  0
  7  9  2  0
  7 21  1  0
  8 10  1  0
  8 20  1  0
  9 11  1  0
  9 18  1  0
 10 12  2  0
 13 14  1  0
 14 15  1  0
 14 19  1  0
 15 22  2  0
 15 23  1  0
  3 24  1  0
  4 25  1  0
 10 26  1  0
 11 27  1  0
 12 28  1  0
 13 29  1  0
 13 30  1  0
 14 31  1  6
 19 32  1  0
 19 33  1  0
 20 34  1  0
 23 35  1  0
M  END

$$$$
